a <- 5
b <- 10.5

a+b