10-5

a <- 50
b <-45

a-b